====================
Element matrix of element 1:
    0.6250   -0.3333    0.0833         0    0.1250   -0.5000
   -0.3333    2.3333   -0.3333   -1.0000         0   -0.6667
    0.0833   -0.3333    0.5000   -0.3333    0.0833         0
         0   -1.0000   -0.3333    2.3333   -0.3333   -0.6667
    0.1250         0    0.0833   -0.3333    0.6250   -0.5000
   -0.5000   -0.6667         0   -0.6667   -0.5000    2.3333

====================

====================
Element matrix of element 2:
    0.6250   -0.3333    0.0833         0    0.1250   -0.5000
   -0.3333    2.3333   -0.3333   -1.0000         0   -0.6667
    0.0833   -0.3333    0.5000   -0.3333    0.0833         0
         0   -1.0000   -0.3333    2.3333   -0.3333   -0.6667
    0.1250         0    0.0833   -0.3333    0.6250   -0.5000
   -0.5000   -0.6667         0   -0.6667   -0.5000    2.3333

====================

====================
Element matrix of element 3:
    0.6250   -1.3333    0.3333         0   -0.1250    0.5000
   -1.3333    4.3333   -1.3333    1.0000         0   -2.6667
    0.3333   -1.3333    2.0000   -1.3333    0.3333         0
         0    1.0000   -1.3333    4.3333   -1.3333   -2.6667
   -0.1250         0    0.3333   -1.3333    0.6250    0.5000
    0.5000   -2.6667         0   -2.6667    0.5000    4.3333

====================

====================
Element matrix of element 4:
    0.6250   -1.3333    0.3333         0   -0.1250    0.5000
   -1.3333    4.3333   -1.3333    1.0000         0   -2.6667
    0.3333   -1.3333    2.0000   -1.3333    0.3333         0
         0    1.0000   -1.3333    4.3333   -1.3333   -2.6667
   -0.1250         0    0.3333   -1.3333    0.6250    0.5000
    0.5000   -2.6667         0   -2.6667    0.5000    4.3333

====================

====================
Element matrix of element 5:
   -0.6250    0.3333   -0.0833         0   -0.1250    0.5000
    0.3333   -2.3333    0.3333    1.0000         0    0.6667
   -0.0833    0.3333   -0.5000    0.3333   -0.0833         0
         0    1.0000    0.3333   -2.3333    0.3333    0.6667
   -0.1250         0   -0.0833    0.3333   -0.6250    0.5000
    0.5000    0.6667         0    0.6667    0.5000   -2.3333

====================

====================
Element matrix of element 6:
   -0.6250    0.3333   -0.0833         0   -0.1250    0.5000
    0.3333   -2.3333    0.3333    1.0000         0    0.6667
   -0.0833    0.3333   -0.5000    0.3333   -0.0833         0
         0    1.0000    0.3333   -2.3333    0.3333    0.6667
   -0.1250         0   -0.0833    0.3333   -0.6250    0.5000
    0.5000    0.6667         0    0.6667    0.5000   -2.3333

====================

====================
Element matrix of element 7:
   -0.6250    1.3333   -0.3333         0    0.1250   -0.5000
    1.3333   -4.3333    1.3333   -1.0000         0    2.6667
   -0.3333    1.3333   -2.0000    1.3333   -0.3333         0
         0   -1.0000    1.3333   -4.3333    1.3333    2.6667
    0.1250         0   -0.3333    1.3333   -0.6250   -0.5000
   -0.5000    2.6667         0    2.6667   -0.5000   -4.3333

====================

====================
Element matrix of element 8:
   -0.6250    1.3333   -0.3333         0    0.1250   -0.5000
    1.3333   -4.3333    1.3333   -1.0000         0    2.6667
   -0.3333    1.3333   -2.0000    1.3333   -0.3333         0
         0   -1.0000    1.3333   -4.3333    1.3333    2.6667
    0.1250         0   -0.3333    1.3333   -0.6250   -0.5000
   -0.5000    2.6667         0    2.6667   -0.5000   -4.3333

====================
